33 0.3  line 0.1 1.0 0.1 0.2 arc 0.1 0.0 0.05 0.0 360.0 end 
37 0.8  line 0.0 0.0 0.8 1.0 arc 0.2 0.8 0.2 0.0 360.0 arc 0.6 0.2 0.2 0.0 end
39 0.2  line 0.05 1.0 0.05 0.75 end
40 0.2  line 0.2 0.0 0.0 0.3 line 0.0 0.3 0.0 0.7 line 0.0 0.7 0.2 1.0 end
41 0.2  line 0.0 0.0 0.2 0.3 line 0.2 0.3 0.2 0.7 line 0.2 0.7 0.0 1.0 end
42 1.0  line 0.05 0.05 0.95 0.95 line 0.05 0.5 0.95 0.5 line 0.05 0.95 0.95 0.05 
        line 0.5 0.095 0.5 0.95 end
43 1.0  line 0.1 0.5 0.9 0.5 line 0.5 0.1 0.5 0.9 end
44 0.2  line 0.15 0.2 0.15 0.0  line 0.15 0.0 0.0 -0.2 end
45 0.6  line 0.0 0.5 0.6 0.5 end
46 0.15  arc 0.05 0.05 0.05 0.0 360.0 end
47 0.7  line 0.0 0.0 0.7 0.8 end
58 0.15  arc 0.05 0.15 0.05 0.0 360.0  arc 0.05 0.75 0.05 0.0 360.0 end
59 line 0.15 0.2 0.15 0.0  line 0.15 0.0 0.0 -0.2  arc 0.15 0.75 0.05 0.0 360.0 end
60 1.0  line 0.9 0.1 0.1 0.5  line 0.1 0.5 0.9 0.9 end
61 0.7  line 0.0 0.35 0.7 0.35  line 0.0 0.65 0.7 0.65 end
62 1.0  line 0.1 0.1 0.9 0.5  line 0.9 0.5 0.1 0.9 end 
65 0.8  line 0.0 0.0 0.4 1.0  line 0.4 1.0 0.8 0.0  line 0.1 0.3 0.7 0.3 end
66 0.9  line 0.0 0.0 0.0 1.0  line 0.0 1.0 0.5 1.0  line 0.0 0.6 0.5 0.6
 line 0.0 0.0 0.5 0.0  arc 0.5 0.8 0.2 0.0 180.0  arc 0.5 0.3 0.3 0.0 180.0 end
67 1.0  arc 0.5 0.5 0.5 135.0 405.0 end
68 0.8  line 0.0 0.0 0.0 1.0  line 0.0 0.0 0.3 0.0  line 0.0 1.0 0.3 1.0 
 arc 0.3 0.5 0.5 0.0 180.0 end 
69 0.7  line 0.0 0.0 0.7 0.0  line 0.0 1.0 0.7 1.0  line 0.0 0.0 0.0 1.0
 line 0.0 0.5 0.7 0.5 end
70 0.7  line 0.0 0.0 0.0 1.0  line 0.0 1.0 0.7 1.0  line 0.0 0.5 0.7 0.5 end
71 1.1  arc 0.5 0.5 0.5 115.0 450.0  line 0.95 0.3 0.3 0.3 end 
72 0.7  line 0.0 0.0 0.0 1.0  line 0.7 0.0 0.7 1.0  line 0.0 0.5 0.7 0.5 end
73 0.4  line 0.0 0.0 0.4 0.0  line 0.0 1.0 0.4 1.0  line 0.2 0.0 0.2 1.0 end
74 0.7  line 0.0 1.0 0.7 1.0  line 0.6 1.0 0.6 0.3  arc 0.3 0.3 0.3 90.0 270.0 end
75 0.7  line 0.0 0.0 0.0 1.0  line 0.0 0.4 0.8 1.0  line 0.2 0.55 0.7 0.0 end
76 0.7  line 0.0 0.0 0.0 1.0  line 0.0 0.0 0.7 0.0 end
77 0.9  line 0.0 0.0 0.0 1.0  line 0.0 1.0 0.4 0.6  line 0.4 0.6 0.8 1.0
 line 0.8 1.0 0.8 0.0 end
78 1.0  line 0.0 0.0 0.0 1.0  line 0.0 1.0 0.7 0.0  line 0.7 0.0 0.7 1.0 end
79 1.0  arc 0.5 0.5 0.5 0.0 360.0 end
80 0.7  line 0.0 0.0 0.0 1.0  line 0.0 0.4 0.4 0.4  line 0.0 1.0 0.4 1.0
 arc 0.4 0.7 0.3 0.0 180.0 end
81 1.0  arc 0.5 0.5 0.5 0.0 360.0 line 1.0 0.0 0.7 0.3 end
82 0.7  line 0.0 0.0 0.0 1.0  line 0.0 1.0 0.4 1.0  line 0.0 0.4 0.4 0.4
 arc 0.4 0.7 0.3 0.0 180.0  line 0.4 0.4 0.7 0.0 end
83 0.7  arc 0.25 0.25 0.25 180.0 270.0  line 0.25 0.0 0.45 0.0 arc 0.45 0.25 0.25 0.0 180.0
 line 0.45 0.5 0.25 0.5  arc 0.25 0.75 0.25 180.0 360.0  line 0.25 1.0 0.45 1.0
 arc 0.45 0.75 0.25 0.0 90.0 end
84 0.7  line 0.0 1.0 0.7 1.0  line 0.35 1.0 0.35 0.0 end
85 0.9  line 0.0 1.0 0.0 0.4  line 0.8 1.0 0.8 0.4  arc 0.4 0.4 0.4 90.0 270.0 end
86 0.8  line 0.0 1.0 0.4 0.0  line 0.4 0.0 0.8 1.0 end
87 0.9  line 0.0 1.0 0.2 0.0  line 0.2 0.0 0.4 1.0  line 0.4 1.0 0.6 0.0
 line 0.6 0.0 0.8 1.0 end
88 0.8  line 0.0 0.0 0.8 1.0  line 0.0 1.0 0.8 0.0 end
89 0.8  line 0.4 0.0 0.4 0.5  line 0.4 0.5 0.0 1.0  line 0.4 0.5 0.8 1.0 end
90 0.8  line 0.0 1.0 0.8 1.0  line 0.8 1.0 0.0 0.0  line 0.0 0.0 0.8 0.0 end
91 0.25  line 0.25 1.0 0.0 1.0  line 0.0 1.0 0.0 0.0  line 0.0 0.0 0.25 0.0 end
92 0.5   line 0.0 1.0 0.5 0.0 end
93 0.25  line 0.0 1.0 0.25 1.0  line 0.25 1.0 0.25 0.0  line 0.25 0.0 0.0 0.0 end
95 1.0   line 0.0 0.5 1.0 0.5 end
97 0.6  line 0.6 0.0 0.6 0.7  arc 0.3 0.3 0.3 90.0 450.0 end
98 0.6  line 0.0 0.0 0.0 1.0  arc 0.3 0.3 0.3 90.0 450.0 end
99 0.6  arc 0.3 0.3 0.3 110.0 430.0  end
100 0.6  line 0.6 0.0 0.6 1.0  arc 0.3 0.3 0.3 90.0 450.0 end
101 0.6  arc 0.3 0.3 0.3 130.0 430.0  line 0.59 0.4 0.0 0.3 end
102 0.6  line 0.2 0.0 0.2 0.8  line 0.0 0.5 0.4 0.5  arc 0.4 0.8 0.2 270.0 450.0 end
103 0.6  arc 0.3 0.4 0.3 0.0 360.0  line 0.3 0.1 0.3 0.0  arc 0.3 -0.1 0.1 0.0 360.0 end
104 0.6  line 0.0 0.0 0.0 1.0  line 0.6 0.0 0.6 0.3  arc 0.3 0.3 0.3 270.0 450.0 end
105 0.2  line 0.1 0.0 0.1 0.5  line 0.1 0.6 0.1 0.7 end
106 0.3  line 0.2 0.7 0.2 0.6  line 0.2 0.5 0.2 0.0 arc 0.1 0.0 0.1 90.0 270.0 end
107 0.5  line 0.0 0.0 0.0 1.0  line 0.0 0.3 0.5 0.6  line 0.2 0.4 0.5 0.0 end
108 0.2  line 0.1 0.0 0.1 1.0  line 0.0 1.0 0.1 1.0 end
109 0.8  line 0.0 0.0 0.0 0.6  line 0.4 0.0 0.4 0.4  arc 0.2 0.4 0.2 270.0 450.0 
 arc 0.6 0.4 0.2 270.0 450.0  line 0.8 0.0 0.8 0.4 end
110 0.5  line 0.0 0.0 0.0 0.6  line 0.5 0.0 0.5 0.35  arc 0.25 0.35 0.25 270.0 450.0 end
111 0.6  arc 0.3 0.3 0.3 0.0 360.0 end
112 0.6  line 0.0 -0.2 0.0 0.7  arc 0.3 0.4 0.3 90.0 450.0 end
113 0.6  line 0.6 -0.2 0.6 0.7  arc 0.3 0.4 0.3 90.0 450.0 end
114 0.4  line 0.0 0.0 0.0 0.7  arc 0.3 0.4 0.3 270.0 360.0  line 0.3 0.7 0.4 0.7 end
115 0.5  arc 0.175 0.175 0.175 180.0 270.0  line 0.175 0.0 0.315 0.0 arc 0.315 0.175 0.175 0.0 180.0
 line 0.315 0.35 0.175 0.35  arc 0.175 0.525 0.175 180.0 360.0  line 0.175 0.7 0.315 0.7
 arc 0.315 0.525 0.175 0.0 90.0 end
116 0.4  line 0.2 0.0 0.2 1.0  line 0.0 0.6 0.4 0.6 end
117 0.6  line 0.6 0.0 0.6 0.7  arc 0.3 0.3 0.3 90.0 270.0 line 0.0 0.3 0.0 0.7 end
118 0.6  line 0.0 0.7 0.3 0.0  line 0.3 0.0 0.6 0.7 end
119 0.8  line 0.0 0.7 0.2 0.0  line 0.2 0.0 0.4 0.7  line 0.4 0.7 0.6 0.0
 line 0.6 0.0 0.8 0.7 end
120 0.7  line 0.0 0.0 0.7 0.7  line 0.0 0.7 0.7 0.0 end 
121 0.6  line 0.0 0.7 0.3 0.0  line 0.6 0.7 0.2 -0.2 end
122 0.7  line 0.0 0.7 0.7 0.7  line 0.7 0.7 0.0 0.0 line 0.0 0.0 0.7 0.0 end
48 0.8  arc 0.4 0.4 0.4 90.0 270.0  arc 0.4 0.6 0.4 270.0 450.0
 line 0.0 0.4 0.0 0.6  line 0.8 0.4 0.8 0.6 end
49 0.6  line 0.0 0.0 0.6 0.0  line 0.3 0.0 0.3 1.0  line 0.3 1.0 0.0 0.8 end
50 0.7  line 0.0 0.0 0.7 0.0  arc 0.35 0.65 0.35 270.0 495.0  line 0.6 0.41 0.0 0.0 end
51 0.7  arc 0.35 0.35 0.35 0.0 270.0  arc 0.35 0.85 0.15 270.0 540.0 end
52 0.7  line 0.6 0.0 0.6 1.0  line 0.6 1.0 0.0 0.4  line 0.0 0.4 0.7 0.4 end
53 0.7  arc 0.35 0.35 0.35 270.0 610.0  line 0.0 0.4 0.1 1.0  line 0.1 1.0 0.7 1.0 end
54 0.7  arc 0.35 0.35 0.35 0.0 360.0  line 0.0 0.45 0.2 1.0 end
55 0.7  line 0.0 1.0 0.7 1.0  line 0.7 1.0 0.0 0.0 end
56 0.6  arc 0.3 0.3 0.3 0.0 360.0  arc 0.3 0.8 0.2 0.0 360.0 end 
57 0.7  arc 0.35 0.65 0.35 0.0 360.0  line 0.65 0.47 0.4 0.0 end
179 0.1 line 0.0 -0.2 0.0 1.2  end

9999 