//Data for player and enemy ships
//Each set of four numbers represents a line
//Generally keep points within a radius or box of length one
//from the center
//Data is also used for collision detection

Playership_one
-0.8, -0.9   0.0, -0.7
0.0, -0.7   0.8, -0.9 
0.8, -0.9  0.0, 1.1
0.0, 1.1  -0.8, -0.9
9999.0
Playership_two
-0.3, -0.9  0.3, -0.9
-0.3, -0.7  -0.3, -0.9
0.3, -0.7  0.3, -0.9
-0.8, -0.2, -0.3, -0.7
0.8, -0.2,  0.3, -0.7
-0.8, -0.2  -0.5, -0.2
0.8, -0.2  0.5, -0.2
-0.5, -0.2  0.0, 1.2
0.5, -0.2  0.0, 1.2
9999.0
Playership_three
-0.8, -1.0  0.0, 1.1
0.8, -1.0  0.0, 1.1
-0.8, -1.0  0.0, -1.2
0.0, -1.2  0.8, -1.0
9999.0
Playership_four
-0.3, -1.0  -0.3, 0.6
-0.3, 0.6  0.0, 1.1
0.0, 1.1  0.3, 0.6
0.3, 0.6  0.3, -1.0
0.3, -1.0 -0.3, -1.0
-0.3, 0.5  -0.9, -0.9
-0.9, -0.9  -0.3, -0.9
0.3, 0.5  0.9, -0.9
0.9, -0.9, 0.3, -0.9
9999.0 
Playership_five
-0.5, -1.0  0.0, 1.1
0.0, 1.1    0.5, -1.0
0.5, -1.0  -0.5 -1.0
-0.5, -0.8  -1.0, -0.8
-1.0, -0.8  -0.8, 0.1
-0.8, 0.1  -0.2, 0.2
0.5, -0.8  1.0, -0.8
1.0, -0.8  0.8, 0.1
0.8, 0.1  0.2, 0.2
9999.0
Playership_six
0.6, -0.9  -0.6, -0.9
-0.6, -0.9  -0.9, -0.6
-0.9, -0.6  -0.6, -0.3
-0.6, -0.3  -0.3, -0.3
-0.3, -0.3  0.0, 1.1
0.0, 1.1   0.3, -0.3
0.3, -0.3  0.6, -0.3
0.6, -0.3  0.9, -0.6
0.9, -0.6  0.6, -0.9
9999.0   
Playership_seven
-1.0, -1.0  0.0, 1.1
0.0, 1.1  1.0, -1.0
1.0, -1.0  0.8, -1.0
0.8, -1.0  0.5, -0.7
0.5, -0.7  -0.5, -0.7
-0.5, -0.7  -0.8 -1.0
-0.8, -1.0  -1.0, -1.0
9999.0 
Playership_eight
-0.4, -1.0  -0.6, -0.8
-0.6, -0.8  -0.9, -0.8
-0.9, -0.8  -0.9, 0.0
-0.9, 0.0   -0.8, 0.0
-0.8, 0.0   -0.7, 0.0
-0.7, 0.0   -0.7, -0.2
-0.7, -0.2  -0.3, -0.2
-0.3, -0.2  0.0, 1.1
0.0, 1.1   0.3, -0.2 
0.3, -0.2  0.7, -0.2
0.7, -0.2  0.7, 0.0
0.7, 0.0   0.9, 0.0
0.9, 0.0  0.9, -0.8
0.9, -0.8  0.6, -0.8
0.6, -0.8  0.4, -1.0
0.4, -1.0  -0.4, -1.0
9999.0  
Playership_nine
0.3, -0.9  -0.3, -0.9
-0.3, -0.9  -1.0, -0.5
-1.0, -0.5  -0.3, 0.0
-0.3, 0.0  0.0, 1.1
0.0, 1.1  0.3, 0.0
0.3, 0.0  1.0, -0.5
1.0, -0.5  0.3, -0.9
9999.0
Playership_ten
0.0, -0.5  -0.4, -1.0
-0.4, -1.0  -0.8, -0.5
-0.8, -0.5  -0.8, -0.3
-0.8, -0.3  -0.2, 0.1
-0.2, 0.1  0.0, 1.1
0.0, 1.1  0.2, 0.1
0.2, 0.1  0.8, -0.3
0.8, -0.3  0.8, -0.5
0.8, -0.5  0.4, -1.0
0.4, -1.0  0.0, -0.5
9999.0
Playership_eleven
0.0, -1.0  -1.0, -0.7
-1.0, -0.7  -0.3, -0.2
-0.3, -0.2  -0.3, 0.5
-0.3, 0.5  0.0, 1.1
0.0, 1.1   0.3, 0.5
0.3, 0.5  0.3, -0.2
0.3, -0.2  1.0, -0.7
1.0, -0.7  0.0, -1.0
-1.0, -0.7  -1.1, -0.4
1.0, -0.7  1.1, -0.4
9999.0
Playership_twelve
-0.8, -1.0  -1.0, -0.8
-1.0, -0.8  -1.0, -0.6
-1.0, -0.6  -0.7, -0.4
-0.7, -0.4  -0.4, -0.8
-0.4, -0.8  0.0, 1.1
0.0, 1.1  0.4, -0.8
0.4, -0.8  0.7 -0.4
0.7, -0.4  1.0, -0.6
1.0, -0.6  1.0, -0.8
1.0, -0.8  0.8 -1.0
0.8, -1.0  -0.8, -1.0
9999.0
Playership_thirteen
-0.9, -1.0  -0.9, -0.8
-0.9, -0.8  -0.4, -0.8
-0.4, -0.8  -0.1, 1.0
-0.1, 1.0  0.1, 1.0
0.1, 1.0  0.4, -0.8
0.4, -0.8  0.9, -0.8
0.9, -0.8  0.9, -1.0
0.9, -1.0  -0.9, -1.0
-0.9, -0.8  -0.9, 0.2
0.9, -0.8   0.9, 0.2
0.0, 1.1  0.0, 1.3
9999.0
Playership_fourteen
-0.7, -0.9  -0.9, -0.7
-0.9, -0.7  -0.9, -0.2
-0.9, -0.2  -0.1, -0.2
-0.1, -0.2  -0.1, 0.8
-0.1, 0.8  0.0, 1.1
0.0, 1.1  0.1, 0.8
0.1, 0.8  0.1, -0.2
0.1, -0.2  0.9, -0.2
0.9, -0.2  0.9 -0.7
0.9, -0.7  0.7, -0.9
0.7, -0.9  0.3, -0.9
0.3, -0.9  0.1, -0.7
0.1, -0.7  0.1, -0.4
0.1, -0.4  -0.1, -0.4
-0.1, -0.4  -0.1, -0.7
-0.1, -0.7  -0.3, -0.9
-0.3, -0.9  -0.7, -0.9 
-0.6, -0.2  -0.6, 0.5
-0.6, 0.5  -0.5, 0.5
-0.5, 0.5  -0.5, -0.2
0.5, -0.2  0.5, 0.5
0.5, 0.5  0.6, 0.5
0.6, 0.5  0.6, -0.2
9999.0
Playership_fifteen
0.000000, 0.000000    0.258819, -0.017037
0.258819, -0.017037    0.500000, -0.066987
0.500000, -0.066987    0.707107, -0.146447
0.707107, -0.146447    0.866025, -0.250000
0.866025, -0.250000    0.965926, -0.370590
0.965926, -0.370590    1.000000, -0.500000
1.000000, -0.500000    0.965926, -0.629409
0.965926, -0.629409    0.866025, -0.750000
0.866026, -0.750000    0.707107, -0.853553
0.707107, -0.853553    0.500000, -0.933013
0.500000, -0.933013    0.258819, -0.982963
0.258819, -0.982963    0.000000, -1.000000
0.000000, -1.000000    -0.258819, -0.982963
-0.258819, -0.982963    -0.500000, -0.933013
-0.500000, -0.933013    -0.707106, -0.853554
-0.707106, -0.853554    -0.866025, -0.750000
-0.866025, -0.750000    -0.965926, -0.629410
-0.965926, -0.629410    -1.000000, -0.500000
-1.000000, -0.500000    -0.965926, -0.370591
-0.965926, -0.370591    -0.866026, -0.250000
-0.866026, -0.250000    -0.707107, -0.146447
-0.707107, -0.146447    -0.500001, -0.066987
-0.500001, -0.066987    -0.258820, -0.017037
-0.258820, -0.017037    0.0, 0.0
-0.258820, -0.017037    0.0, 1.1
0.0, 1.1                0.258819, -0.017037
9999.0
Playership_sixteen
-0.9, -1.0   -0.6, -0.6
-0.6, -0.6  -0.2, -0.8
-0.2, -0.8  0.0, 1.1
0.0, 1.1   0.2, -0.8
0.2, -0.8  0.6, -0.6
0.6, -0.6  0.9, -1.0
0.9, -1.0  -0.9, -1.0
-0.600000, 0.500000    -0.500000, 0.433013
-0.500000, 0.433013    -0.426795, 0.250000
-0.426795, 0.250000    -0.400000, -0.000000
-0.400000, -0.000000    -0.426795, -0.250000
-0.426795, -0.250000    -0.500000, -0.433013
-0.500000, -0.433013    -0.600000, -0.500000
-0.600000, -0.500000    -0.700000, -0.433013
-0.700000, -0.433013    -0.773205, -0.250000
-0.773205, -0.250000    -0.800000, -0.000000
-0.800000, -0.000000    -0.773205, 0.250000
-0.773205, 0.250000    -0.700000, 0.433013
-0.700000, 0.433013    -0.600000, 0.500000
0.600000, 0.500000    0.700000, 0.433013
0.700000, 0.433013    0.773205, 0.250000
0.773205, 0.250000    0.800000, -0.000000
0.800000, -0.000000    0.773205, -0.250000
0.773205, -0.250000    0.700000, -0.433013
0.700000, -0.433013    0.600000, -0.500000
0.600000, -0.500000    0.500000, -0.433013
0.500000, -0.433013    0.426795, -0.250000
0.426795, -0.250000    0.400000, -0.000000
0.400000, -0.000000    0.426795, 0.250000
0.426795, 0.250000    0.500000, 0.433013
0.500000, 0.433013    0.600000, 0.500000
0.600000, 0.500000    0.700000, 0.433013
9999.0
Playership_seventeen
0.000000, -0.200000    0.500000, -0.253590
0.500000, -0.253590    0.866025, -0.400000
0.866025, -0.400000    1.000000, -0.600000
1.000000, -0.600000    0.866025, -0.800000
0.866025, -0.800000    0.500000, -0.946410
0.500000, -0.946410    0.000000, -1.000000
0.000000, -1.000000    -0.500000, -0.946410
-0.500000, -0.946410    -0.866025, -0.800000
-0.866025, -0.800000    -1.000000, -0.600000
-1.000000, -0.600000    -0.866026, -0.400000
-0.866026, -0.400000    -0.500000, -0.253590
-0.500001, -0.253590    0.0, -0.200000
0.000000, 0.200000    0.250000, 0.173205
0.250000, 0.173205    0.433013, 0.100000
0.433013, 0.100000    0.500000, -0.000000
0.500000, -0.000000    0.433013, -0.100000
0.433013, -0.100000    0.250000, -0.173205
0.250000, -0.173205    0.000000, -0.200000
0.000000, -0.200000    -0.250000, -0.173205
-0.250000, -0.173205    -0.433013, -0.100000
-0.433013, -0.100000    -0.500000, -0.000000
-0.500000, -0.000000    -0.433013, 0.100000
-0.433013, 0.100000    -0.250000, 0.173205
-0.250000, 0.173205    -0.000000, 0.200000
0.25, 0.173  0.0, 1.1
0.0, 1.1  -0.25, 0.173
9999.0
Enemyship_one
-.5, -1.0  0.5, -1.0
-1.0, -.1  1.0, -.1
-1.0, 0.1  1.0, 0.1
-.5, 1.0   0.5, 1.0
-1.0, -.1  -.5, -1.0
1.0, -.1   0.5, -1.0
-1.0, 0.1  -.5, 1.0
1.0, 0.1    0.5, 1.0
-1.0, -0.1   -1.0, 0.1
1.0, -0.1    1.0, 0.1 
-0.3, 1.0   -0.3, 1.2
-0.3, 1.2   0.3, 1.2
0.3, 1.2   0.3, 1.0
9999.0
Enemyship_two
-0.5, -1.0  -0.8, -0.4
-0.8, -0.4  -1.0, -0.4
-1.0, -0.4  -1.0, 0.4
-1.0, 0.4  -0.8, 0.4
-0.8, 0.4  -0.5, 1.0
-0.5, 1.0  0.5, 1.0
0.5, 1.0   0.8, 0.4
0.8, 0.4   1.0, 0.4
1.0, 0.4  1.0, -0.4
1.0, -0.4  0.8, -0.4
0.8, -0.4, 0.5, -1.0
0.5, -1.0  -0.5, -1.0
-0.7, -0.2  -0.7, 0.2
-0.7, 0.2   -0.5, 0.2
-0.5, 0.2   -0.5, -0.2
-0.5, -0.2  -0.7, -0.2
-0.3, -0.2  -0.3, 0.2
-0.3, 0.2   -0.1, 0.2
-0.1, 0.2   -0.1, -0.2
-0.1, -0.2  -0.3, -0.2
 0.1, -0.2   0.1, 0.2
 0.1, 0.2    0.3, 0.2
 0.3, 0.2    0.3, -0.2
 0.3, -0.2   0.1, -0.2
 0.5, -0.2   0.5, 0.2
 0.5, 0.2    0.7, 0.2
 0.7, 0.2    0.7, -0.2
 0.7, -0.2   0.5, -0.2 
9999.0
Enemyship_three
0.0, -1.0  -1.0, 0.0
-1.0, 0.0  0.0, 1.0
0.0, 1.0  1.0, 0.0
1.0, 0.0  0.0, -1.0
0.0, -0.7  -0.7, 0.0
-0.7, 0.0  0.0, 0.7
0.0, 0.7  0.7, 0.0
0.7, 0.0  0.0, -0.7
-0.3, -0.3  -0.3, 0.3
-0.3, 0.3  0.3, 0.3
0.3, 0.3  0.3, -0.3
0.3, -0.3  -0.3, -0.3
9999.0
Enemyship_four
-0.2, -1.0  -0.2, -0.6
-0.2, -0.6  -1.0, -0.9
-1.0, -0.9  -1.0, 0.9
-1.0, 0.9  -0.2, 0.6
-0.2, 0.6  -0.2, 1.0
-0.2, 1.0  0.2, 1.0
0.2, 1.0   0.2, 0.6
0.2, 0.6  1.0, 0.9
1.0, 0.9  1.0, -0.9
1.0, -0.9  0.2, -0.6
0.2, -0.6  0.2, -1.0
0.2, -1.0  -0.2, -1.0
-0.1, 0.0  -0.8, -0.6
-0.8, -0.6  -0.8, 0.6
-0.8, 0.6  -0.1, 0.0 
0.1, 0.0   0.8, -0.6
0.8, -0.6  0.8, 0.6
0.8, 0.6   0.1, 0.0
9999.0
Enemyship_five
0.0, -1.0  -0.2, -0.6
-0.2, -0.6  -1.0, -0.1
-1.0, -0.1  -1.0, 0.1
-1.0, 0.1   -0.2, 0.6
-0.2, 0.6   0.0, 1.0
0.0, 1.0   0.2, 0.6
0.2, 0.6   1.0, 0.1
1.0, 0.1   1.0, -0.1
1.0, -0.1  0.2, -0.6
0.2, -0.6   0.0, -1.0
-0.1, -0.1  -0.3, -0.1
-0.3, -0.1  -0.3, 0.1
-0.3, 0.1   -0.1, 0.1
-0.1, 0.1  -0.1, -0.1
 0.1, -0.1  0.3, -0.1
 0.3, -0.1  0.3, 0.1
 0.3, 0.1   0.1, 0.1
 0.1, 0.1  0.1, -0.1 
9999.0
Enemyship_six
0.000000, 1.000000   0.258819, 0.965926
0.258819, 0.965926   0.500000, 0.866025
0.500000, 0.866025   0.707107, 0.707107
0.707107, 0.707107   0.866025, 0.500000
0.866025, 0.500000   0.965926, 0.258819
0.965926, 0.258819   1.000000, 0.000000
1.000000, 0.000000   0.965926, -0.258819
0.965926, -0.258819   0.866025, -0.500000
0.866025, -0.500000   0.707107, -0.707107
0.707107, -0.707107   0.500000, -0.866025
0.500000, -0.866025   0.258819, -0.965926
0.258819, -0.965926   0.000000, -1.000000
0.000000, -1.000000   -0.258819, -0.965926
-0.258819, -0.965926   -0.500000, -0.866025
-0.500000, -0.866025   -0.707107, -0.707107
-0.707107, -0.707107   -0.866025, -0.500000
-0.866025, -0.500000   -0.965926, -0.258819
-0.965926, -0.258819   -1.000000, -0.000000
-1.000000, -0.000000   -0.965926, 0.258819
-0.965926, 0.258819   -0.866025, 0.500000
-0.866025, 0.500000   -0.707107, 0.707107
-0.707107, 0.707107   -0.500000, 0.866025
-0.500000, 0.866025   -0.258819, 0.965926
-0.258819, 0.965926   0.000000, 1.000000
-0.1, -0.2   -0.4, -0.2
-0.4, -0.2   -0.4, 0.2
-0.4, 0.2    -0.1, 0.2
-0.1, 0.2    -0.1, -0.2
0.1, -0.2   0.4, -0.2
0.4, -0.2   0.4, 0.2
0.4, 0.2    0.1, 0.2
0.1, 0.2    0.1, -0.2
9999.0
Enemyship_seven
0.000000, 1.000000   0.129410, 0.965926
0.129410, 0.965926   0.250000, 0.866025
0.250000, 0.866025   0.353553, 0.707107
0.353553, 0.707107   0.433013, 0.500000
0.433013, 0.500000   0.482963, 0.258819
0.482963, 0.258819   0.500000, 0.000000
0.500000, 0.000000   0.482963, -0.258819
0.482963, -0.258819   0.433013, -0.500000
0.433013, -0.500000   0.353553, -0.707107
0.353553, -0.707107   0.250000, -0.866025
0.250000, -0.866025   0.129410, -0.965926
0.129410, -0.965926   0.000000, -1.000000
0.000000, -1.000000   -0.129410, -0.965926
-0.129410, -0.965926   -0.250000, -0.866025
-0.250000, -0.866025   -0.353553, -0.707107
-0.353553, -0.707107   -0.433013, -0.500000
-0.433013, -0.500000   -0.482963, -0.258819
-0.482963, -0.258819   -0.500000, -0.000000
-0.500000, -0.000000   -0.482963, 0.258819
-0.482963, 0.258819   -0.433013, 0.500000
-0.433013, 0.500000   -0.353553, 0.707107
-0.353553, 0.707107   -0.250000, 0.866025
-0.250000, 0.866025   -0.129410, 0.965926
-0.129410, 0.965926   -0.000000, 1.000000
-0.433, -0.5  -1.0, 0.0
-1.0, 0.0   -0.433, 0.5
0.433, -0.5   1.0, 0.0
1.0, 0.0    0.433, 0.5
9999.0
Ship_exhaust
0.0, -0.9  -1.0, -3.0  1.0, -3.0
9999.0
Exhaust_color
1.0, 1.0, 0.6   0.0, 0.0, 0.0   0.0, 0.0, 0.0
9999.0
Cluster_ship
-1.0, -1.0   0.0, 0.732
0.0, 0.732    1.0, -1.0
1.0, -1.0   0.0, -0.5
0.0, -0.5   -1.0, -1.0
9999.0


